
                                                          Calendrier pour l'année 2026                                                          

          Janvier                 Février                  Mars                    Avril                    Mai                    Juin         
    Di Lu Ma Me Je Ve Sa    Di Lu Ma Me Je Ve Sa    Di Lu Ma Me Je Ve Sa    Di Lu Ma Me Je Ve Sa    Di Lu Ma Me Je Ve Sa    Di Lu Ma Me Je Ve Sa
                 1  2  3     1  2  3  4  5  6  7     1  2  3  4  5  6  7              1  2  3  4                    1  2        1  2  3  4  5  6
     4  5  6  7  8  9 10     8  9 10 11 12 13 14     8  9 10 11 12 13 14     5  6  7  8  9 10 11     3  4  5  6  7  8  9     7  8  9 10 11 12 13
    11 12 13 14 15 16 17    15 16 17 18 19 20 21    15 16 17 18 19 20 21    12 13 14 15 16 17 18    10 11 12 13 14 15 16    14 15 16 17 18 19 20
    18 19 20 21 22 23 24    22 23 24 25 26 27 28    22 23 24 25 26 27 28    19 20 21 22 23 24 25    17 18 19 20 21 22 23    21 22 23 24 25 26 27
    25 26 27 28 29 30 31                            29 30 31                26 27 28 29 30          24 25 26 27 28 29 30    28 29 30            
                                                                                                    31                                          

          Juillet                  Août                  Septembre                Octobre                Novembre                Décembre       
    Di Lu Ma Me Je Ve Sa    Di Lu Ma Me Je Ve Sa    Di Lu Ma Me Je Ve Sa    Di Lu Ma Me Je Ve Sa    Di Lu Ma Me Je Ve Sa    Di Lu Ma Me Je Ve Sa
              1  2  3  4                       1           1  2  3  4  5                 1  2  3     1  2  3  4  5  6  7           1  2  3  4  5
     5  6  7  8  9 10 11     2  3  4  5  6  7  8     6  7  8  9 10 11 12     4  5  6  7  8  9 10     8  9 10 11 12 13 14     6  7  8  9 10 11 12
    12 13 14 15 16 17 18     9 10 11 12 13 14 15    13 14 15 16 17 18 19    11 12 13 14 15 16 17    15 16 17 18 19 20 21    13 14 15 16 17 18 19
    19 20 21 22 23 24 25    16 17 18 19 20 21 22    20 21 22 23 24 25 26    18 19 20 21 22 23 24    22 23 24 25 26 27 28    20 21 22 23 24 25 26
    26 27 28 29 30 31       23 24 25 26 27 28 29    27 28 29 30             25 26 27 28 29 30 31    29 30                   27 28 29 30 31      
                            30 31                                                                                                               
